
 NPM(K)    PM(M)      WS(M)     CPU(s)      Id  SI ProcessName
 ------    -----      -----     ------      --  -- -----------
      0     0.00       0.00       0.00       0 …61 
      0     0.00       0.00       0.00       1   1 
      0     0.00       0.00       0.00     284 284 
      0     0.00       0.00       0.00     285 285 
      0     0.00       0.00       0.00     286 286 
      0     0.00       0.00       0.00     288 288 
      0     0.00       0.00       0.00     289 289 
      0     0.00       0.00       0.00     290 290 
      0     0.00       0.00       0.00     292 292 
      0     0.00       0.00       0.00     294 294 
      0     0.00       0.00       0.00     295 295 
      0     0.00       0.00       0.00     296 296 
      0     0.00       0.00       0.00     297 297 
      0     0.00       0.00       0.00     298 298 
      0     0.00       0.00       0.00     300 300 
      0     0.00       0.00       0.00     302 302 
      0     0.00       0.00       0.00     304 304 
      0     0.00       0.00       0.00     305 305 
      0     0.00       0.00       0.00     307 307 
      0     0.00       0.00       0.00     311 311 
      0     0.00       0.00       0.00     312 312 
      0     0.00       0.00       0.00     313 313 
      0     0.00       0.00       0.00     314 314 
      0     0.00       0.00       0.00     317 317 
      0     0.00       0.00       0.00     318 318 
      0     0.00       0.00       0.00     321 321 
      0     0.00       0.00       0.00     322 322 
      0     0.00       0.00       0.00     323 323 
      0     0.00       0.00       0.00     324 324 
      0     0.00       0.00       0.00     325 325 
      0     0.00       0.00       0.00     326 326 
      0     0.00       0.00       0.00     327 327 
      0     0.00       0.00       0.00     328 328 
      0     0.00       0.00       0.00     330 330 
      0     0.00       0.00       0.00     332 332 
      0     0.00       0.00       0.00     333 333 
      0     0.00       0.00       0.00     335 335 
      0     0.00       0.00       0.00     336 336 
      0     0.00       0.00       0.00     338 338 
      0     0.00       0.00       0.00     339 339 
      0     0.00       0.00       0.00     340 340 
      0     0.00       0.00       0.00     341 341 
      0     0.00       0.00       0.00     342 342 
      0     0.00       0.00       0.00     345 345 
      0     0.00       0.00       0.00     346 346 
      0     0.00       0.00       0.00     347 347 
      0     0.00       0.00       0.00     348 348 
      0     0.00       0.00       0.00     349 349 
      0     0.00       0.00       0.00     350 350 
      0     0.00       0.00       0.00     351 351 
      0     0.00       0.00       0.00     352 352 
      0     0.00       0.00       0.00     353 353 
      0     0.00       0.00       0.00     354 354 
      0     0.00       0.00       0.00     355 355 
      0     0.00       0.00       0.00     357 357 
      0     0.00       0.00       0.00     358 358 
      0     0.00       0.00       0.00     359 359 
      0     0.00       0.00       0.00     360 360 
      0     0.00       0.00       0.00     361 361 
      0     0.00       0.00       0.00     363 363 
      0     0.00       0.00       0.00     367 367 
      0     0.00       0.00       0.00     368 368 
      0     0.00       0.00       0.00     369 369 
      0     0.00       0.00       0.00     370 370 
      0     0.00       0.00       0.00     371   1 
      0     0.00       0.00       0.00     372 372 
      0     0.00       0.00       0.00     374 374 
      0     0.00       0.00       0.00     375 375 
      0     0.00       0.00       0.00     376 376 
      0     0.00       0.00       0.00     394 394 
      0     0.00       0.00       0.00     400 400 
      0     0.00       0.00       0.00     407   1 
      0     0.00       0.00       0.00     412   1 
      0     0.00       0.00       0.00     414 414 
      0     0.00       0.00       0.00     415 415 
      0     0.00       0.00       0.00     416 416 
      0     0.00       0.00       0.00     423 423 
      0     0.00       0.00       0.00     424 424 
      0     0.00       0.00       0.00     425   1 
      0     0.00       0.00       0.00     428 428 
      0     0.00       0.00       0.00     436 436 
      0     0.00       0.00       0.00     438 438 
      0     0.00       0.00       0.00     439 439 
      0     0.00       0.00       0.00     440 440 
      0     0.00       0.00       0.00     441 441 
      0     0.00       0.00       0.00     442 442 
      0     0.00       0.00       0.00     443 443 
      0     0.00       0.00       0.00     444 444 
      0     0.00       0.00       0.00     445 445 
      0     0.00       0.00       0.00     448 448 
      0     0.00       0.00       0.00     449 449 
      0     0.00       0.00       0.00     450 450 
      0     0.00       0.00       0.00     451 451 
      0     0.00       0.00       0.00     452 452 
      0     0.00       0.00       0.00     453 453 
      0     0.00       0.00       0.00     454 454 
      0     0.00       0.00       0.00     455 455 
      0     0.00       0.00       0.00     456 456 
      0     0.00       0.00       0.00     457   1 
      0     0.00       0.00       0.00     459 459 
      0     0.00       0.00       0.00     461 461 
      0     0.00       0.00       0.00     470 470 
      0     0.00       0.00       0.00     471 471 
      0     0.00       0.00       0.00     472 472 
      0     0.00       0.00       0.00     473   1 
      0     0.00       0.00       0.00     475 475 
      0     0.00       0.00       0.00     476 476 
      0     0.00       0.00       0.00     478 478 
      0     0.00       0.00       0.00     480 480 
      0     0.00       0.00       0.00     481 481 
      0     0.00       0.00       0.00     484 484 
      0     0.00       0.00       0.00     486 486 
      0     0.00       0.00       0.00     487 487 
      0     0.00       0.00       0.00     490 490 
      0     0.00       0.00       0.00     492 492 
      0     0.00       0.00       0.00     494 494 
      0     0.00       0.00       0.00     497 497 
      0     0.00       0.00       0.00     501 501 
      0     0.00       0.00       0.00     502 502 
      0     0.00       0.00       0.00     503   1 
      0     0.00       0.00       0.00     504   1 
      0     0.00       0.00       0.00     505 505 
      0     0.00       0.00       0.00     506   1 
      0     0.00       0.00       0.00     507 507 
      0     0.00       0.00       0.00     508   1 
      0     0.00       0.00       0.00     509   1 
      0     0.00       0.00       0.00     510   1 
      0     0.00       0.00       0.00     511   1 
      0     0.00       0.00       0.00     515   1 
      0     0.00       0.00       0.00     517 517 
      0     0.00       0.00       0.00     521 521 
      0     0.00       0.00       0.00     524 524 
      0     0.00       0.00       0.00     525 525 
      0     0.00       0.00       0.00     527 527 
      0     0.00       0.00       0.00     530 530 
      0     0.00       0.00       0.00     555 555 
      0     0.00       0.00       0.00     561   1 
      0     0.00       0.00       0.00     573 573 
      0     0.00       0.00       0.00     584 584 
      0     0.00       0.00       0.00     591 591 
      0     0.00       0.00       0.00     597 597 
      0     0.00       0.00       0.00     608 608 
      0     0.00       0.00       0.00     617 617 
      0     0.00       0.00       0.00     619 619 
      0     0.00       0.00       0.00     621 621 
      0     0.00       0.00       0.00     634   1 
      0     0.00       0.00       0.00     635   1 
      0     0.00       0.00       0.00     636   1 
      0     0.00       0.00       0.00     637   1 
      0     0.00       0.00       0.00     638   1 
      0     0.00       0.00       0.00     640   1 
      0     0.00       0.00       0.00     673 673 
      0     0.00       0.00       0.00     676 676 
      0     0.00       0.00       0.00     677 677 
      0     0.00       0.00       0.00     695 695 
      0     0.00       0.00       0.00     698   1 
      0     0.00       0.00       0.00     705 705 
      0     0.00       0.00       0.00     741 741 
      0     0.00       0.00       0.00     760 760 
      0     0.00       0.00       0.00     761 761 
      0     0.00       0.00       0.00     762 762 
      0     0.00       0.00       0.00     875 875 
      0     0.00       0.00       0.00     876 876 
      0     0.00       0.00       0.00    1032 …32 
      0     0.00       0.00       0.00    1058 …58 
      0     0.00       0.00       0.00    1059 …59 
      0     0.00       0.00       0.00    1062 …62 
      0     0.00       0.00       0.00    1066 …66 
      0     0.00       0.00       0.00    1067   1 
      0     0.00       0.00       0.00    1081   1 
      0     0.00       0.00       0.00    1107 …07 
      0     0.00       0.00       0.00    1112 292 
      0     0.00       0.00       0.00    1128 …28 
      0     0.00       0.00       0.00    1154 …54 
      0     0.00       0.00       0.00    1157 …57 
      0     0.00       0.00       0.00    1166 …66 
      0     0.00       0.00       0.00    1168 …68 
      0     0.00       0.00       0.00    1185 …85 
      0     0.00       0.00       0.00    1206 …06 
      0     0.00       0.00       0.00    1207   1 
      0     0.00       0.00       0.00    1211 …11 
      0     0.00       0.00       0.00    1215 …15 
      0     0.00       0.00       0.00    1216 …16 
      0     0.00       0.00       0.00    1217 …17 
      0     0.00       0.00       0.00    1218 …18 
      0     0.00       0.00       0.00    1264   1 
      0     0.00       0.00       0.00    1265   1 
      0     0.00       0.00       0.00    1266   1 
      0     0.00       0.00       0.00    1303   1 
      0     0.00       0.00       0.00    1350 …50 
      0     0.00       0.00       0.00    1352   1 
      0     0.00       0.00       0.00    1353   1 
      0     0.00       0.00       0.00    1362 …62 
      0     0.00       0.00       0.00    1364 …64 
      0     0.00       0.00       0.00    1368   1 
      0     0.00       0.00       0.00    1369 …69 
      0     0.00       0.00       0.00    1371 …71 
      0     0.00       0.00       0.00    1372 …72 
      0     0.00       0.00       0.00    1373 …73 
      0     0.00       0.00       0.00    1374 …74 
      0     0.00       0.00       0.00    1432 …32 
      0     0.00       0.00       0.00    1434 …34 
      0     0.00       0.00       0.00    1435 …35 
      0     0.00       0.00       0.00    1436 …36 
      0     0.00       0.00       0.00    1476 …76 
      0     0.00       0.00       0.00    1503 …03 
      0     0.00       0.00       0.00    1706 …06 
      0     0.00       0.00       0.00    2111 …11 
      0     0.00       0.00       0.00    2132 …32 
      0     0.00       0.00       0.00    2196 …96 
      0     0.00       0.00       0.00    2199 …99 
      0     0.00       0.00       0.00    2639 …39 
      0     0.00       0.00       0.00    2643 …43 
      0     0.00       0.00       0.00    2644 …44 
      0     0.00       0.00       0.00    2646 …46 
      0     0.00       0.00       0.00    2662 …62 
      0     0.00       0.00       0.00    2929 …29 
      0     0.00       0.00       0.00    2930 …30 
      0     0.00       0.00       0.00    2931 …31 
      0     0.00       0.00       0.00    2934   1 
      0     0.00       0.00       0.00    2935   1 
      0     0.00       0.00       0.00    2936   1 
      0     0.00       0.00       0.00    2937   1 
      0     0.00       0.00       0.00    2938   1 
      0     0.00       0.00       0.00    2940 …40 
      0     0.00       0.00       0.00    2964 …64 
      0     0.00       0.00       0.00    2993 …93 
      0     0.00       0.00       0.00    3115 …15 
      0     0.00       0.00       0.00    3130 …30 
      0     0.00       0.00       0.00    3131 …31 
      0     0.00       0.00       0.00    3147 …47 
      0     0.00       0.00       0.00    3183 …83 
      0     0.00       0.00       0.00    3184 …84 
      0     0.00       0.00       0.00    3191 …91 
      0     0.00       0.00       0.00    3544 …44 
      0     0.00       0.00       0.00    5427 …27 
      0     0.00       0.00       0.00    8882 …82 
      0     0.00       0.00       0.00    9573   1 
      0     0.00       0.00       0.00    9590 …90 
      0     0.00       0.00       0.00   12068 …68 
      0     0.00       0.00       0.00   13266 …66 
      0     0.00       0.00       0.00   13284 …84 
      0     0.00       0.00       0.00   25959 …59 
      0     0.00       0.00       0.00   25967 …67 
      0     0.00       0.00       0.00   25971 …71 
      0     0.00       0.00       0.00   32204 …04 
      0     0.00       0.00       0.00   32297 …97 
      0     0.00       0.00       0.00   32695 …95 
      0     0.00       0.00       0.00   38378 …78 
      0     0.00       0.00       0.00   41303 …03 
      0     0.00       0.00       0.00   41315 …15 
      0     0.00       0.00       0.00   41319 …19 
      0     0.00       0.00       0.00   41320 …20 
      0     0.00       0.00       0.00   41321 …21 
      0     0.00      27.89       2.91     554   1 accountsd
      0     0.00       2.69       0.00    3105 …05 AccountSubscrib
      0     0.00       6.61       0.13    1261   1 adprivacyd
      0     0.00       6.48       0.06    1026   1 AirPlayUIAgent
      0     0.00      13.70       0.33     593   1 akd
      0     0.00       0.02       0.00    3176   1 AMPArtworkAgent
      0     0.00       2.48       0.01     696   1 AMPDeviceDiscov
      0     0.00       5.38       0.15    3173   1 AMPLibraryAgent
      0     0.00       7.94       0.25     913   1 amsaccountsd
      0     0.00      11.34       0.99     914   1 amsengagementd
      0     0.00      32.86      31.31    1014   1 AntivirusforMac
      0     0.00       0.02       0.00     538   1 APFSUserAgent
      0     0.00       8.47       0.03    2290   1 appleaccountd
      0     0.00     124.28       0.65    1275   1 AppleSpell
      0     0.00       7.47       0.08     537   1 AppSSOAgent
      0     0.00      18.91       0.93    1431   1 appstoreagent
      0     0.00       2.23       0.13    1023   1 askpermissiond
      0     0.00       3.33       0.07     675   1 AssetCacheLocat
      0     0.00      35.39       2.02     628   1 assistantd
      0     0.00      34.73       0.83    1263   1 assistant_servi
      0     0.00       4.97       0.02     700   1 AudioComponentR
      0     0.00       0.02       0.00   14235   1 AuthenticationS
      0     0.00       7.00       0.02    3206   1 avatarsd
      0     0.00       9.28       0.20     614   1 avconferenced
      0     0.00       0.02       0.27    1015   1 axassetsd
      0     0.00       1.75       0.03    2960   1 backgroundasset
      0     0.00       5.44       0.06     531   1 BackgroundTaskM
      0     0.00       5.56       0.92     540   1 BiomeAgent
      0     0.00      12.27       1.08    1073   1 biomesyncd
      0     0.00      24.12       6.11     575   1 bird
      0     0.00      19.92       1.48    1036   1 Bitdefender VPN
      0     0.00       1.31       0.00     580   1 bluetoothuserd
      0     0.00       3.45       0.07    2469   1 BTLEServerAgent
      0     0.00      16.12       0.96     674   1 calaccessd
      0     0.00      18.47       0.15    1501 …01 CalendarWidgetE
      0     0.00      10.47       0.28     709   1 CallHistoryPlug
      0     0.00      11.86       0.55    2412   1 CallHistorySync
      0     0.00      17.52       0.64     556   1 callservicesd
      0     0.00       0.02       0.02     704 704 CarbonComponent
      0     0.00       0.53       0.03    1382 …82 CategoriesServi
      0     0.00       7.17       0.02     625   1 cdpd
      0     0.00       4.61       2.73     491   1 cfprefsd
      0     0.00       1.73       0.01     867 866 chrome_crashpad
      0     0.00       1.62       0.01    8532 …31 chrome_crashpad
      0     0.00      38.59      20.80     566   1 cloudd
      0     0.00       3.44       0.01     627   1 CloudKeychainPr
      0     0.00      13.59       0.61     579   1 cloudpaird
      0     0.00       8.92       0.16    1210   1 cloudphotod
      0     0.00       4.22       0.61     630   1 CMFSyncAgent
      0     0.00      14.06       0.69    8535   1 Code Helper
      0     0.00      49.28       0.79   27528   1 Code Helper
      0     0.00      87.50       0.96   36413   1 Code Helper
      0     0.00       9.05       0.05   36871   1 Code Helper
      0     0.00      75.66      45.20    8533   1 Code Helper (GP
      0     0.00     112.55       4.64    8546   1 Code Helper (Re
      0     0.00      42.95       9.90    8548   1 Code Helper (Re
      0     0.00     121.14      29.39   16082   1 Code Helper (Re
      0     0.00       6.66       0.08   27529   1 Code Helper (Re
      0     0.00     419.22      28.18   27544   1 Code Helper (Re
      0     0.00      20.69       0.05   36414   1 Code Helper (Re
      0     0.00       0.02       0.00    1040   1 colorsync.usera
      0     0.00       1.30       0.00    1358   1 com.apple.acces
      0     0.00      16.11       0.57    2636 …36 com.apple.appki
      0     0.00      26.14       2.94   11801 …01 com.apple.appki
      0     0.00      12.22       0.04   38512 …12 com.apple.appki
      0     0.00       0.02       0.00   30256 …56 com.apple.AppSt
      0     0.00       0.02       0.00     813 813 com.apple.audio
      0     0.00       0.02       0.00    1144 …44 com.apple.audio
      0     0.00       0.02       0.00    1271 …71 com.apple.audio
      0     0.00       0.02       0.00    1377 …77 com.apple.audio
      0     0.00       0.02       0.00    1475 …75 com.apple.audio
      0     0.00       0.02       0.00    2989 …89 com.apple.audio
      0     0.00       0.02       0.00    5366 …66 com.apple.audio
      0     0.00       0.02       0.00    5367 …67 com.apple.audio
      0     0.00       0.02       0.00    5369 …69 com.apple.audio
      0     0.00       0.02       0.00   14902 …02 com.apple.audio
      0     0.00       0.02       0.00   26283 …83 com.apple.audio
      0     0.00       2.00       0.01    3175   1 com.apple.BKAge
      0     0.00       0.02       0.00    6717   1 com.apple.Chara
      0     0.00       8.59       0.02     771   1 com.apple.Cloud
      0     0.00       2.59       0.01   20128 …28 com.apple.Cloud
      0     0.00       0.02       0.00    1041 …41 com.apple.Color
      0     0.00       6.58       0.06   12067   1 com.apple.CoreS
      0     0.00      12.05       0.31     706 706 com.apple.dock.
      0     0.00       0.02       0.00     600 600 com.apple.FaceT
      0     0.00      13.05       0.62     606   1 com.apple.geod
      0     0.00       3.03       1.36     562   1 com.apple.hiser
      0     0.00      21.16       0.73    2974 …74 com.apple.photo
      0     0.00       0.36       0.07   32521 …21 com.apple.photo
      0     0.00      16.59       0.09    1269   1 com.apple.quick
      0     0.00       0.02       0.00    1044 …44 com.apple.Safar
      0     0.00      32.59       1.77    3999   1 com.apple.Safar
      0     0.00       0.91       0.01   14192   1 com.apple.Safar
      0     0.00       7.86       0.13     534   1 com.apple.sbd
      0     0.00       3.28       0.00    1091   1 com.apple.siri-
      0     0.00       0.02       3.87     632 632 com.apple.siri.
      0     0.00       1.44       0.06    1037 …37 com.apple.siri.
      0     0.00       0.02       0.00    1473   1 com.apple.tonel
      0     0.00       7.22       0.09   26285 …85 com.apple.WebKi
      0     0.00      44.22       1.15   26289 …89 com.apple.WebKi
      0     0.00      54.11       0.00   42664 …64 com.apple.WebKi
      0     0.00      10.67       0.31     536   1 CommCenter
      0     0.00       8.20       0.15     735   1 commerce
      0     0.00      24.23      24.83     592   1 contactsd
      0     0.00      13.48       1.02    3205   1 contactsdonatio
      0     0.00       6.14       0.54     548   1 containermanage
      0     0.00       0.02       0.03    1108 …08 ContainerMetada
      0     0.00       4.73       0.32     804   1 contentlinkingd
      0     0.00      71.81       1.00     615   1 ContextService
      0     0.00      13.92       1.52     546   1 ContextStoreAge
      0     0.00      16.19       0.81     618   1 ContinuityCaptu
      0     0.00      44.39      10.24     685   1 ControlCenter
      0     0.00      13.61       0.20    2114   1 coreautha
      0     0.00       7.61       0.12     587   1 coreauthd
      0     0.00       7.58       0.13     549   1 CoreLocationAge
      0     0.00      13.42       0.16     585   1 CoreServicesUIA
      0     0.00      30.41       0.51    1012   1 corespeechd
      0     0.00      93.22      10.09     616   1 corespotlightd
      0     0.00       0.98       0.02   12110   1 CoreSpotlightSe
      0     0.00       0.02       0.00     535   1 csnameddatad
      0     0.00       2.02       0.00    1033   1 ctkahp
      0     0.00       5.02       0.11     578   1 ctkd
      0     0.00      19.69       0.77    1043   1 dataaccessd
      0     0.00      10.45       1.64    1600   1 deleted
      0     0.00       0.02       0.01    1692   1 devicecheckd
      0     0.00       3.30       0.01    1219   1 diagnosticexten
      0     0.00       5.67       0.19    1027   1 diagnostics_age
      0     0.00       0.02       0.00    1220   1 DiskArbitration
      0     0.00       0.02       0.00    1221   1 DiskUnmountWatc
      0     0.00       6.70       7.60     489   1 distnoted
      0     0.00       6.17       0.05     552   1 dmd
      0     0.00      32.20       3.36     684   1 Dock
      0     0.00       6.64       0.09    6977 …77 DockHelper
      0     0.00      12.64       0.91     553   1 donotdisturbd
      0     0.00     143.25      65.06    8530   1 Electron
      0     0.00       5.20       0.01    2226   1 EscrowSecurityA
      0     0.00       7.53       0.12     586 586 extensionkitser
      0     0.00      20.36       0.52     590   1 familycircled
      0     0.00       9.34       0.24     583   1 fileproviderd
      0     0.00       6.80       0.07     569   1 financed
      0     0.00      57.12       8.63     687   1 Finder
      0     0.00       5.83       0.04    1051   1 findmydevice-us
      0     0.00      10.81       0.14     620   1 fmfd
      0     0.00       4.80       0.01     774   1 followupd
      0     0.00      11.50       0.15    2441   1 FollowUpUI
      0     0.00      10.66       6.13     622   1 fontd
      0     0.00       0.02       0.02     629   1 fontworker
      0     0.00       1.00       0.22    1096   1 gamecontrollera
      0     0.00      15.56       0.97   30592   1 gamed
      0     0.00       2.72       0.01    2645   1 geodMachService
      0     0.00     405.70     287.45     678   1 Google Chrome
      0     0.00     328.28     296.76     871   1 Google Chrome H
      0     0.00      97.89      50.12     872   1 Google Chrome H
      0     0.00      24.25       1.62     873   1 Google Chrome H
      0     0.00      15.41       7.50    1375   1 Google Chrome H
      0     0.00      21.06       0.08   29613   1 Google Chrome H
      0     0.00      50.75       1.73   29614   1 Google Chrome H
      0     0.00      29.47       0.09   29615   1 Google Chrome H
      0     0.00      21.48       0.13   39511   1 Google Chrome H
      0     0.00      19.06       0.04   39519   1 Google Chrome H
      0     0.00      20.55       0.08   39522   1 Google Chrome H
      0     0.00      12.62       0.02   39537   1 Google Chrome H
      0     0.00      12.61       0.02   39540   1 Google Chrome H
      0     0.00      18.12       0.03   39541   1 Google Chrome H
      0     0.00      15.30       0.03   39545   1 Google Chrome H
      0     0.00      30.38       0.45   39557   1 Google Chrome H
      0     0.00      13.66       0.02   39559   1 Google Chrome H
      0     0.00      12.78       0.02   39572   1 Google Chrome H
      0     0.00      12.84       0.02   39576   1 Google Chrome H
      0     0.00      13.39       0.02   39577   1 Google Chrome H
      0     0.00      13.23       0.02   39578   1 Google Chrome H
      0     0.00      13.27       0.02   39579   1 Google Chrome H
      0     0.00      14.11       0.02   39581   1 Google Chrome H
      0     0.00      69.78       0.33   39589   1 Google Chrome H
      0     0.00      11.98       0.01   39616   1 Google Chrome H
      0     0.00      11.62       0.01   39722   1 Google Chrome H
      0     0.00      21.45       0.22   39747   1 Google Chrome H
      0     0.00      42.86       0.06   40000   1 Google Chrome H
      0     0.00      12.64       0.01   40423   1 Google Chrome H
      0     0.00     240.75       0.88   40812   1 Google Chrome H
      0     0.00     311.02       0.73   41229   1 Google Chrome H
      0     0.00     541.75       1.65   42007   1 Google Chrome H
      0     0.00     168.62       0.08   42122   1 Google Chrome H
      0     0.00     107.66       0.02   42127   1 Google Chrome H
      0     0.00     190.34       0.07   42160   1 Google Chrome H
      0     0.00     310.09       0.31   42165   1 Google Chrome H
      0     0.00     186.06       0.09   42255   1 Google Chrome H
      0     0.00     190.08       0.08   42341   1 Google Chrome H
      0     0.00     220.73       0.25   42655   1 Google Chrome H
      0     0.00      87.19       0.01   42776   1 Google Chrome H
      0     0.00     230.56       0.08   42781   1 Google Chrome H
      0     0.00      59.70       0.00   42894   1 Google Chrome H
      0     0.00      10.31       1.51    1011   1 heard
      0     0.00      11.83       0.20     598   1 homed
      0     0.00       0.02       0.00     589 589 HomeWidget
      0     0.00       3.83       0.41    1022   1 icdd
      0     0.00      11.09       0.08     595   1 iCloudNotificat
      0     0.00       3.94       0.10     588   1 iconservicesage
      0     0.00      24.16       1.98     559   1 identityservice
      0     0.00       2.72       0.06    1208 …08 IDSBlastDoorSer
      0     0.00      24.50       0.74     596   1 imagent
      0     0.00       3.30       0.01    2950   1 IMAutomaticHist
      0     0.00      64.06       4.91     599   1 IMDPersistenceA
      0     0.00       5.77       0.08    1019   1 imklaunchagent
      0     0.00      19.48       0.07     799 799 IMTranscoderAge
      0     0.00       0.02       0.04    5918 …18 IMTranscoderAge
      0     0.00       1.70       0.00    1102   1 installerauthag
      0     0.00       3.33       0.04    1430   1 intelligencepla
      0     0.00       5.14       0.10    1472 …72 intents_helper
      0     0.00       8.48       0.02    1474 …74 intents_helper
      0     0.00       0.02       0.00    3102 …02 InteractiveLega
      0     0.00      10.58       0.29     716   1 itunescloudd
      0     0.00       5.59       0.03    1277   1 keyboardservice
      0     0.00       5.50       0.06     623   1 Keychain Circle
      0     0.00      25.48       9.97     533   1 knowledge-agent
      0     0.00      21.72       0.65    2959   1 knowledgeconstr
      0     0.00       0.02       0.00    3103 …03 LegacyProfilesS
      0     0.00       0.02       0.01    1201   1 linkd
      0     0.00       5.31       0.04   20621   1 LinkedNotesUISe
      0     0.00       1.61       0.00    2992   1 localizationswi
      0     0.00      11.64       2.43    5368   1 LocationMenu
      0     0.00       4.05       1.00     539   1 lockoutagent
      0     0.00       0.02       0.00    1199   1 loginitemregist
      0     0.00      75.56       1.54     356 356 loginwindow
      0     0.00       9.20       0.49     532   1 lsd
      0     0.00     356.14      23.33   26280   1 Mail
      0     0.00       7.03       0.04    1209   1 maild
      0     0.00       0.02       0.00    3106 …06 ManagementTestS
      0     0.00       7.08       0.04    3057   1 mapspushd
      0     0.00       0.53       0.00   13199   1 mbuseragent
      0     0.00       1.73       0.59    1127   1 mdbulkimport
      0     0.00       0.02       0.02    1299   1 mdworker
      0     0.00      24.31       0.00   42931   1 mdworker_shared
      0     0.00      25.39       0.00   42953   1 mdworker_shared
      0     0.00       3.80       0.03    1477   1 mdwrite
      0     0.00       5.53       0.01    3172 …72 media-indexer
      0     0.00      31.86       0.01   41900   1 mediaanalysisd
      0     0.00       2.09       0.03     613   1 mediaremoteagen
      0     0.00     314.09      97.26     682   1 Messages
      0     0.00       6.12       0.04    1470 …70 MessagesBlastDo
      0     0.00      21.69       0.17    2384 …84 MessagesBlastDo
      0     0.00      26.28       0.39    2975 …75 MessagesBlastDo
      0     0.00       0.05       0.22    5919 …19 MessagesBlastDo
      0     0.00       0.02       0.00    2125   1 metrickitd
      0     0.00      95.19       7.90   30278   1 Microsoft OneNo
      0     0.00       9.06       0.03    1095   1 mlruntimed
      0     0.00      15.16       0.05    2973 …73 MobileSMSSpotli
      0     0.00       3.45       0.22     699   1 mobiletimerd
      0     0.00       2.09       0.04    1200   1 MTLAssetUpgrade
      0     0.00       8.77       0.08    1789 …89 MTLCompilerServ
      0     0.00       0.02       0.00    3643 …43 MTLCompilerServ
      0     0.00       0.02       0.00    3644 …44 MTLCompilerServ
      0     0.00       0.02       0.00    5364 …64 MTLCompilerServ
      0     0.00       0.02       0.00    5365 …65 MTLCompilerServ
      0     0.00       0.02       0.00    8891 …91 MTLCompilerServ
      0     0.00       0.02       0.00   11333 …33 MTLCompilerServ
      0     0.00       0.02       0.00   16266 …66 MTLCompilerServ
      0     0.00       0.02       0.00   26332 …32 MTLCompilerServ
      0     0.00       0.02       0.00   31861 …61 MTLCompilerServ
      0     0.00       0.02       0.00   31862 …62 MTLCompilerServ
      0     0.00       0.02       0.00   31884 …84 MTLCompilerServ
      0     0.00       0.02       0.00   31885 …85 MTLCompilerServ
      0     0.00       0.02       0.00   33521 …21 MTLCompilerServ
      0     0.00       0.02       0.00   33534 …34 MTLCompilerServ
      0     0.00       0.02       0.00   33535 …35 MTLCompilerServ
      0     0.00      29.06       0.41    1276   1 naturallanguage
      0     0.00       8.88       0.09    2991   1 nbagent
      0     0.00       0.02       0.00    1212   1 ndoagent
      0     0.00      11.28       0.61     610   1 neagent
      0     0.00      18.17       0.88     574   1 networkservicep
      0     0.00      33.30       0.57    2385   1 newsd
      0     0.00      46.17       1.02    1404 …04 NewsToday2
      0     0.00      53.08       3.61     571   1 NotificationCen
      0     0.00      16.19       0.13    1356 …56 nsattributedstr
      0     0.00      18.64      25.20     542   1 nsurlsessiond
      0     0.00       9.66       0.26    1411   1 OSDUIHelper
      0     0.00      14.14       0.49     701   1 parsecd
      0     0.00       0.02       0.00    3104 …04 PasscodeSetting
      0     0.00      10.50       0.13    1155   1 passd
      0     0.00       0.50       0.02    1363   1 PasswordBreachA
      0     0.00       4.62       0.04     560   1 pboard
      0     0.00       1.39       0.01     703   1 pbs
      0     0.00       8.97       0.23    1013   1 peopled
      0     0.00      54.77       3.51     772   1 photolibraryd
      0     0.00      18.67       0.11   31875 …75 PhotoPicker
      0     0.00      22.77       2.69   38510   1 Photos
      0     0.00      13.41       0.38     547   1 pkd
      0     0.00       0.02       0.00     712 712 PlugInLibrarySe
      0     0.00       0.02       0.00    5886 …86 PlugInLibrarySe
      0     0.00       0.02       0.00    6078 …78 PlugInLibrarySe
      0     0.00       0.02       0.00    7036 …36 PlugInLibrarySe
      0     0.00       0.02       0.00   12081 …81 PlugInLibrarySe
      0     0.00       0.02       0.00   31859 …59 PlugInLibrarySe
      0     0.00       0.02       0.00    3174   1 PodcastContentS
      0     0.00      10.75       0.26    2932   1 PowerChime
      0     0.00       4.95       0.06    2632   1 printtool
      0     0.00       0.44       0.00    3155   1 proactived
      0     0.00       3.48       0.05    1599   1 proactiveeventt
      0     0.00       9.08       0.36    1042   1 progressd
      0     0.00       5.02       0.08    1437   1 promotedcontent
      0     0.00       5.64       0.01     626   1 ProtectedCloudK
      0     0.00     289.70       9.70   36461 …61 pwsh
      0     0.00      28.89       0.11    1270 …70 QuickLookSatell
      0     0.00       5.94       0.07     692 692 QuickLookUIServ
      0     0.00       5.91       0.07    2637 …37 QuickLookUIServ
      0     0.00       9.81       0.53    3641 …41 QuickLookUIServ
      0     0.00       6.00       0.05   11802 …02 QuickLookUIServ
      0     0.00       5.92       0.01   38513 …13 QuickLookUIServ
      0     0.00      14.80       1.33     541   1 rapportd
      0     0.00       6.64       0.07    2039   1 recentsd
      0     0.00      14.11       0.32    5091   1 remindd
      0     0.00       0.41       0.00    3101   1 RemoteManagemen
      0     0.00       1.50       0.00     693   1 replayd
      0     0.00       2.50       0.03     713   1 ReportCrash
      0     0.00      15.72       0.23    1471   1 reversetemplate
      0     0.00      34.58       5.02     545   1 routined
      0     0.00       9.00       0.10    1376   1 SafariBookmarks
      0     0.00       1.34       0.00     887   1 SafariLaunchAge
      0     0.00       0.02       0.00    1029   1 SamsungPortable
      0     0.00       3.16       0.08     773   1 ScopedBookmarkA
      0     0.00      28.23       8.42     551   1 ScreenTimeAgent
      0     0.00      28.73       1.68    1381 …81 ScreenTimeWidge
      0     0.00      16.75       1.35    1204   1 searchpartyuser
      0     0.00      17.02       2.39     543   1 secd
      0     0.00       9.97       0.13     550   1 secinitd
      0     0.00       6.39       0.06     572   1 sharedfilelistd
      0     0.00      35.64      11.52     601   1 sharingd
      0     0.00       0.02       0.00   27183   1 ShipIt
      0     0.00       3.94       0.04    1387   1 SidecarRelay
      0     0.00       2.20       0.01    3153   1 silhouette
      0     0.00       0.02       0.00   12069   1 SimLaunchHost.a
      0     0.00       5.38       0.04   12070   1 SimulatorTrampo
      0     0.00       7.50       2.37    1020   1 Siri
      0     0.00       9.55       0.06     690   1 siriactionsd
      0     0.00      17.48       4.34     810   1 siriknowledged
      0     0.00      11.03      10.94    1274 …74 SiriNCService
      0     0.00       1.41       0.01    3099   1 sirittsd
      0     0.00       9.53       0.14     694   1 sociallayerd
      0     0.00      17.89       0.12    1064   1 SoftwareUpdateN
      0     0.00       1.06       0.00     611   1 spindump_agent
      0     0.00      18.70       0.42     691   1 Spotlight
      0     0.00       1.16       0.00    3162   1 spotlightknowle
      0     0.00      10.61       0.14     594   1 StatusKitAgent
      0     0.00      31.86       0.18     603 603 StocksWidget
      0     0.00       1.75       0.01    1696   1 storeaccountd
      0     0.00       1.44       0.00    2642   1 storedownloadd
      0     0.00       3.72       0.03    7959   1 storekitagent
      0     0.00       5.38       0.10   30285   1 storeuid
      0     0.00      17.55       1.52     567   1 studentd
      0     0.00     132.20      24.21     604   1 suggestd
      0     0.00       3.06       0.28     919   1 swcd
      0     0.00      10.34       0.36     558   1 syncdefaultsd
      0     0.00      10.83       0.23     686   1 SystemUIServer
      0     0.00       6.55       0.05     564   1 talagent
      0     0.00      14.09       1.70     570   1 tccd
      0     0.00      24.33       0.47     680   1 Terminal
      0     0.00      12.53       0.34    1028   1 TextInputMenuAg
      0     0.00       6.47       0.08    1035   1 TextInputSwitch
      0     0.00       8.59       0.01    6184 …84 ThumbnailExtens
      0     0.00       8.80       0.12    2970   1 tipsd
      0     0.00       0.50       0.07    3891   1 translationd
      0     0.00      17.20       0.49     576   1 transparencyd
      0     0.00       4.91       3.95     633   1 triald
      0     0.00      20.22       4.93     563   1 trustd
      0     0.00       8.39       0.03     568   1 TrustedPeersHel
      0     0.00      12.70       0.32     609   1 UIKitSystem
      0     0.00       6.30       0.43     529   1 universalaccess
      0     0.00       6.08       0.05    9444   1 universalAccess
      0     0.00      16.70      11.35    1072   1 UniversalContro
      0     0.00       5.52       0.36    1213   1 UsageTrackingAg
      0     0.00       0.02       0.00    1224   1 USBAgent
      0     0.00      12.34       0.78     612   1 useractivityd
      0     0.00       9.41       2.23     526   1 UserEventAgent
      0     0.00      13.83       0.17     544   1 usernoted
      0     0.00       7.16       0.11   12060   1 UserNotificatio
      0     0.00       6.42       0.53     577   1 ViewBridgeAuxil
      0     0.00       6.81      12.99     879 879 VTDecoderXPCSer
      0     0.00       6.25       0.03    1272 …72 VTDecoderXPCSer
      0     0.00       3.72       0.04    2939 …39 VTDecoderXPCSer
      0     0.00       0.50       0.02    3642 …42 VTDecoderXPCSer
      0     0.00       3.22       0.01    5993 …93 VTDecoderXPCSer
      0     0.00       0.41       0.01    6749 …49 VTDecoderXPCSer
      0     0.00       0.36       0.01    8534 …34 VTDecoderXPCSer
      0     0.00       0.36       0.00   31860 …60 VTDecoderXPCSer
      0     0.00       0.38       0.02   32522 …22 VTDecoderXPCSer
      0     0.00       0.31       0.01   32523 …23 VTDecoderXPCSer
      0     0.00       0.44       0.01   32576 …76 VTDecoderXPCSer
      0     0.00       1.69       0.03    1379 …79 VTEncoderXPCSer
      0     0.00       0.02       0.00    8881   1 warmd_agent
      0     0.00       0.25       0.00    1267   1 weatherd
      0     0.00      30.69       0.38     602 602 WeatherWidget
      0     0.00      14.33       2.72     557   1 WiFiAgent
      0     0.00       3.39       0.06     740   1 WiFiVelocityAge
      0     0.00      16.75      10.71     565   1 WindowManager
      0     0.00      21.78       0.43    1502 …02 WorldClockWidge
      0     0.00       1.39       0.00    2198   1 XProtect
      0     0.00      26.03       0.39    2200   1 XProtectPluginS
      0     0.00       0.02       0.00    5871 …71 XprotectService
      0     0.00       0.02       0.00   36415 …15 zsh
      0     0.00       0.02       0.00   38379 …78 zsh

